latent_dim,hidden_layers,activation_function,dropout,val_loss,avg_auc
5,1,tanh,0.0,0.011273,0.687874
5,1,tanh,0.05,0.016423,0.678785
5,1,relu,0.0,0.013824,0.681725
5,1,relu,0.05,0.01215,0.696371
5,2,tanh,0.0,0.009489,0.707448
5,2,tanh,0.05,0.016464,0.677184
5,2,relu,0.0,0.01064,0.71688
5,2,relu,0.05,0.008426,0.718747
5,3,tanh,0.0,0.008262,0.708773
5,3,tanh,0.05,0.016497,0.679672
5,3,relu,0.0,0.00741,0.705727
5,3,relu,0.05,0.006044,0.718208
10,1,tanh,0.0,0.004087,0.666487
10,1,tanh,0.05,0.00731,0.699634
10,1,relu,0.0,0.007916,0.716368
10,1,relu,0.05,0.008254,0.685243
10,2,tanh,0.0,0.004521,0.687476
10,2,tanh,0.05,0.007548,0.701401
10,2,relu,0.0,0.006285,0.699761
10,2,relu,0.05,0.005595,0.719723
10,3,tanh,0.0,0.003026,0.677667
10,3,tanh,0.05,0.007628,0.700696
10,3,relu,0.0,0.003566,0.684877
10,3,relu,0.05,0.003586,0.716989
15,1,tanh,0.0,0.00233,0.696375
15,1,tanh,0.05,0.003605,0.690279
15,1,relu,0.0,0.00596,0.65197
15,1,relu,0.05,0.005878,0.693747
15,2,tanh,0.0,0.002532,0.672674
15,2,tanh,0.05,0.003699,0.692641
15,2,relu,0.0,0.003269,0.703823
15,2,relu,0.05,0.002693,0.739269
15,3,tanh,0.0,0.000684,0.683879
15,3,tanh,0.05,0.003771,0.695764
15,3,relu,0.0,0.001843,0.688546
15,3,relu,0.05,0.002523,0.749716
